Goal: 10
Score: 9
= = = = = = = = = = 
                    
                    
      1 1           
    2 2 1 1 2 2 2 2 
2 2 2 2 2 2 2       
2   2 2 2     2 2 2 
2 2 2 2 2   2   2   
2 2 2 2 2 2 2 2 2   
2   2 2 2 2 2 2     
    2 2   2 2 2   2 
2 2 2 2 2   2 2 2 2 
2 2   2 2 2 2 2 2   
2   2 2   2 2 2 2 2 
  2 2 2 2 2 2 2 2 2 
    2 2 2 2   2 2 2 
    2 2 2 2 2 2 2 2 
2 2 2   2 2 2 2 2 2 
2 2 2   2 2 2 2 2 2 
2 2     2 2 2 2 2 2 
2 2     2 2 2 2 2 2 
= = = = = = = = = = Game over. Reached the top. Your score: 9

